LLWearable version 22
New Shape

	permissions 0
	{
		base_mask	00082000
		owner_mask	00082000
		group_mask	00000000
		everyone_mask	00000000
		next_owner_mask	00082000
		creator_id	11111111-1111-0000-0000-000100bba000
		owner_id	41565357-800e-412f-9ad7-6b8815fad6c4
		last_owner_id	41565357-800e-412f-9ad7-6b8815fad6c4
		group_id	00000000-0000-0000-0000-000000000000
	}
	sale_info	0
	{
		sale_type	not
		sale_price	10
	}
type 0
parameters 82
1 .04
2 .22
4 -.44
5 0
6 -.3
7 .22
8 0
10 .25
11 .26
12 0
13 0
14 -.05
15 0
17 0
18 .9
19 -.5
20 0
21 0
22 0
23 0
24 0
25 0
27 -1.3
33 .58
34 -.35
35 0
36 .06
37 .4
38 0
80 0
105 .62
155 0
157 0
185 0
193 .75
196 0
505 .3
506 0
507 -.8
515 0
517 0
518 0
629 .5
637 0
646 .08
647 .55
649 .4
650 0
652 .6
653 -.1
656 0
659 .56
662 .5
663 0
664 0
665 0
675 0
676 -.4
678 .5
682 .55
683 -.16
684 .21
685 0
690 .5
692 0
693 .6
753 .51
756 .2
758 0
759 .25
760 0
764 .35
765 0
769 .5
773 .31
795 .35
796 0
799 .37
841 -.26
842 0
879 0
880 0
textures 0
