LLWearable version 22
New Shape

	permissions 0
	{
		base_mask	00082000
		owner_mask	00082000
		group_mask	00000000
		everyone_mask	00000000
		next_owner_mask	00082000
		creator_id	11111111-1111-0000-0000-000100bba000
		owner_id	57abc7b5-7278-4a8d-bf8b-07c22ccb0163
		last_owner_id	11111111-1111-0000-0000-000100bba000
		group_id	00000000-0000-0000-0000-000000000000
	}
	sale_info	0
	{
		sale_type	not
		sale_price	10
	}
type 0
parameters 82
1 0
2 0
4 0
5 0
6 0
7 0
8 -.1
10 -.15
11 0
12 -.5
13 0
14 -.02
15 0
17 -.5
18 0
19 0
20 0
21 0
22 0
23 0
24 -.1
25 0
27 0
33 -.15
34 -.04
35 0
36 -1
37 0
38 0
80 0
105 .35
155 0
157 .1
185 0
193 .68
196 -.65
505 .4
506 0
507 -.45
515 0
517 0
518 0
629 .5
637 0
646 -.38
647 .43
649 .5
650 0
652 .5
653 0
656 0
659 .5
662 .5
663 0
664 0
665 0
675 0
676 -.1
678 .5
682 .5
683 -.16
684 .02
685 0
690 .5
692 0
693 .6
753 0
756 0
758 0
759 .5
760 0
764 0
765 0
769 .5
773 .44
795 .25
796 0
799 .38
841 0
842 0
879 0
880 0
textures 0
