LLWearable version 22
New Shape

	permissions 0
	{
		base_mask	00082000
		owner_mask	00082000
		group_mask	00000000
		everyone_mask	00000000
		next_owner_mask	00082000
		creator_id	9af609df-fcf5-48a6-a65d-1c28928aeca5
		owner_id	4fa1ff29-97db-4ed4-88d1-f1cb1f1e4a78
		last_owner_id	4fa1ff29-97db-4ed4-88d1-f1cb1f1e4a78
		group_id	00000000-0000-0000-0000-000000000000
	}
	sale_info	0
	{
		sale_type	not
		sale_price	10
	}
type 0
parameters 82
1 0
2 0
4 0
5 0
6 0
7 -.06
8 .06
10 -.38
11 0
12 -.08
13 0
14 .1
15 0
17 .43
18 1.7
19 -.25
20 0
21 .08
22 0
23 -.5
24 .22
25 0
27 -.35
33 .28
34 -.37
35 0
36 -.65
37 .64
38 0
80 0
105 .76
155 -.24
157 .15
185 -.14
193 .61
196 -.32
505 .43
506 -.2
507 -.1
515 -1
517 0
518 .89
629 .5
637 .45
646 -.03
647 .04
649 .47
650 -.05
652 .51
653 .14
656 0
659 .56
662 .5
663 0
664 0
665 0
675 -.15
676 .32
678 .5
682 .45
683 -.06
684 -.3
685 0
690 .46
692 .56
693 .12
753 1.04
756 0
758 0
759 .5
760 -.37
764 0
765 -.3
769 .5
773 .5
795 .36
796 0
799 .42
841 0
842 0
879 0
880 -.55
textures 0
